1 0.06758738011635251
2 0.12750832814680274
3 0.14466718409381787
4 0.17735968308441988
5 0.20156188997239283
6 0.22200271588124498
7 0.23063353648379764
8 0.2416267405451723
9 0.2500046593969881
10 0.2544446018868921
11 0.25746933645754533
12 0.25746933645754533
13 0.26348577381925053
14 0.2637175936622083
15 0.26571920750102584
16 0.2533243290388244
17 0.25586998778611153
18 0.25567415754788836
19 0.26133992463653916
20 0.2753768704154584
21 0.2742948321690832
22 0.2704254159638201
23 0.2750507530797613
24 0.26740915737585963
25 0.2732504280881626
26 0.2704218939746361
27 0.27538260572177115
28 0.2718476979458366
29 0.2730729141878148
30 0.27163373695471954